
Graph 1, order 8.
0 0 0 0 0 0 0 1
0 0 0 0 0 0 0 1
0 0 0 0 0 0 0 1
0 0 0 0 0 0 0 1
0 0 0 0 0 0 0 1
0 0 0 0 0 0 0 1
0 0 0 0 0 0 0 1
1 1 1 1 1 1 1 0

Graph 2, order 8.
0 0 0 0 0 0 1 1
0 0 0 0 0 0 0 1
0 0 0 0 0 0 0 1
0 0 0 0 0 0 0 1
0 0 0 0 0 0 0 1
0 0 0 0 0 0 0 1
1 0 0 0 0 0 0 0
1 1 1 1 1 1 0 0

Graph 3, order 8.
0 0 0 0 0 0 1 1
0 0 0 0 0 0 1 0
0 0 0 0 0 0 0 1
0 0 0 0 0 0 0 1
0 0 0 0 0 0 0 1
0 0 0 0 0 0 0 1
1 1 0 0 0 0 0 0
1 0 1 1 1 1 0 0

Graph 4, order 8.
0 0 0 0 0 0 1 0
0 0 0 0 0 0 1 0
0 0 0 0 0 0 0 1
0 0 0 0 0 0 0 1
0 0 0 0 0 0 0 1
0 0 0 0 0 0 0 1
1 1 0 0 0 0 0 1
0 0 1 1 1 1 1 0

Graph 5, order 8.
0 0 0 0 0 0 1 1
0 0 0 0 0 0 1 0
0 0 0 0 0 0 1 0
0 0 0 0 0 0 0 1
0 0 0 0 0 0 0 1
0 0 0 0 0 0 0 1
1 1 1 0 0 0 0 0
1 0 0 1 1 1 0 0

Graph 6, order 8.
0 0 0 0 0 0 1 0
0 0 0 0 0 0 1 0
0 0 0 0 0 0 1 0
0 0 0 0 0 0 0 1
0 0 0 0 0 0 0 1
0 0 0 0 0 0 0 1
1 1 1 0 0 0 0 1
0 0 0 1 1 1 1 0

Graph 7, order 8.
0 0 0 0 0 1 0 1
0 0 0 0 0 0 1 1
0 0 0 0 0 0 0 1
0 0 0 0 0 0 0 1
0 0 0 0 0 0 0 1
1 0 0 0 0 0 0 0
0 1 0 0 0 0 0 0
1 1 1 1 1 0 0 0

Graph 8, order 8.
0 0 0 0 0 1 1 1
0 0 0 0 0 0 1 0
0 0 0 0 0 0 0 1
0 0 0 0 0 0 0 1
0 0 0 0 0 0 0 1
1 0 0 0 0 0 0 0
1 1 0 0 0 0 0 0
1 0 1 1 1 0 0 0

Graph 9, order 8.
0 0 0 0 0 1 1 0
0 0 0 0 0 0 1 1
0 0 0 0 0 0 0 1
0 0 0 0 0 0 0 1
0 0 0 0 0 0 0 1
1 0 0 0 0 0 0 0
1 1 0 0 0 0 0 0
0 1 1 1 1 0 0 0

Graph 10, order 8.
0 0 0 0 0 1 0 1
0 0 0 0 0 0 1 1
0 0 0 0 0 0 1 0
0 0 0 0 0 0 0 1
0 0 0 0 0 0 0 1
1 0 0 0 0 0 0 0
0 1 1 0 0 0 0 0
1 1 0 1 1 0 0 0

Graph 11, order 8.
0 0 0 0 0 1 0 1
0 0 0 0 0 0 1 0
0 0 0 0 0 0 1 0
0 0 0 0 0 0 0 1
0 0 0 0 0 0 0 1
1 0 0 0 0 0 0 0
0 1 1 0 0 0 0 1
1 0 0 1 1 0 1 0

Graph 12, order 8.
0 0 0 0 0 1 1 0
0 0 0 0 0 0 1 0
0 0 0 0 0 0 1 0
0 0 0 0 0 0 0 1
0 0 0 0 0 0 0 1
1 0 0 0 0 0 0 1
1 1 1 0 0 0 0 0
0 0 0 1 1 1 0 0

Graph 13, order 8.
0 0 0 0 0 1 0 1
0 0 0 0 0 0 1 1
0 0 0 0 0 0 1 0
0 0 0 0 0 0 1 0
0 0 0 0 0 0 0 1
1 0 0 0 0 0 0 0
0 1 1 1 0 0 0 0
1 1 0 0 1 0 0 0

Graph 14, order 8.
0 0 0 0 0 1 1 0
0 0 0 0 0 1 0 1
0 0 0 0 0 0 1 0
0 0 0 0 0 0 0 1
0 0 0 0 0 0 0 1
1 1 0 0 0 0 0 0
1 0 1 0 0 0 0 0
0 1 0 1 1 0 0 0

Graph 15, order 8.
0 0 0 0 0 1 1 0
0 0 0 0 0 1 0 1
0 0 0 0 0 0 1 1
0 0 0 0 0 0 0 1
0 0 0 0 0 0 0 1
1 1 0 0 0 0 0 0
1 0 1 0 0 0 0 0
0 1 1 1 1 0 0 0

Graph 16, order 8.
0 0 0 0 0 1 0 1
0 0 0 0 0 1 0 0
0 0 0 0 0 0 1 1
0 0 0 0 0 0 1 0
0 0 0 0 0 0 0 1
1 1 0 0 0 0 0 0
0 0 1 1 0 0 0 0
1 0 1 0 1 0 0 0

Graph 17, order 8.
0 0 0 0 0 1 0 0
0 0 0 0 0 1 0 0
0 0 0 0 0 0 1 1
0 0 0 0 0 0 1 0
0 0 0 0 0 0 0 1
1 1 0 0 0 0 0 1
0 0 1 1 0 0 0 0
0 0 1 0 1 1 0 0

Graph 18, order 8.
0 0 0 0 0 1 0 0
0 0 0 0 0 1 0 0
0 0 0 0 0 0 1 0
0 0 0 0 0 0 1 0
0 0 0 0 0 0 0 1
1 1 0 0 0 0 0 1
0 0 1 1 0 0 0 1
0 0 0 0 1 1 1 0

Graph 19, order 8.
0 0 0 0 0 1 1 0
0 0 0 0 0 1 0 1
0 0 0 0 0 0 1 1
0 0 0 0 0 0 1 0
0 0 0 0 0 0 0 1
1 1 0 0 0 0 0 0
1 0 1 1 0 0 0 0
0 1 1 0 1 0 0 0

Graph 20, order 8.
0 0 0 0 1 0 0 1
0 0 0 0 0 1 0 1
0 0 0 0 0 0 1 1
0 0 0 0 0 0 0 1
1 0 0 0 0 0 0 0
0 1 0 0 0 0 0 0
0 0 1 0 0 0 0 0
1 1 1 1 0 0 0 0

Graph 21, order 8.
0 0 0 0 1 0 1 1
0 0 0 0 0 1 0 1
0 0 0 0 0 0 1 0
0 0 0 0 0 0 0 1
1 0 0 0 0 0 0 0
0 1 0 0 0 0 0 0
1 0 1 0 0 0 0 0
1 1 0 1 0 0 0 0

Graph 22, order 8.
0 0 0 0 1 0 1 0
0 0 0 0 0 1 0 1
0 0 0 0 0 0 1 1
0 0 0 0 0 0 0 1
1 0 0 0 0 0 0 0
0 1 0 0 0 0 0 0
1 0 1 0 0 0 0 0
0 1 1 1 0 0 0 0

Graph 23, order 8.
0 0 0 0 1 0 1 0
0 0 0 0 0 1 1 0
0 0 0 0 0 0 1 0
0 0 0 0 0 0 0 1
1 0 0 0 0 0 0 1
0 1 0 0 0 0 0 1
1 1 1 0 0 0 0 0
0 0 0 1 1 1 0 0

Graph 24, order 8.
0 0 0 0 1 0 0 1
0 0 0 0 0 1 0 1
0 0 0 0 0 0 1 1
0 0 0 0 0 0 1 0
1 0 0 0 0 0 0 0
0 1 0 0 0 0 0 0
0 0 1 1 0 0 0 0
1 1 1 0 0 0 0 0

Graph 25, order 8.
0 0 0 0 1 0 0 1
0 0 0 0 0 1 0 1
0 0 0 0 0 0 1 0
0 0 0 0 0 0 1 0
1 0 0 0 0 0 0 0
0 1 0 0 0 0 0 0
0 0 1 1 0 0 0 1
1 1 0 0 0 0 1 0

Graph 26, order 8.
0 0 0 0 1 1 0 1
0 0 0 0 0 1 1 0
0 0 0 0 0 0 1 1
0 0 0 0 0 0 0 1
1 0 0 0 0 0 0 0
1 1 0 0 0 0 0 0
0 1 1 0 0 0 0 0
1 0 1 1 0 0 0 0

Graph 27, order 8.
0 0 0 0 1 0 0 1
0 0 0 0 0 1 1 0
0 0 0 0 0 1 0 1
0 0 0 0 0 0 1 0
1 0 0 0 0 0 0 0
0 1 1 0 0 0 0 0
0 1 0 1 0 0 0 0
1 0 1 0 0 0 0 0

Graph 28, order 8.
0 0 0 0 1 0 0 1
0 0 0 0 0 1 1 0
0 0 0 0 0 1 0 1
0 0 0 0 0 0 1 1
1 0 0 0 0 0 0 0
0 1 1 0 0 0 0 0
0 1 0 1 0 0 0 0
1 0 1 1 0 0 0 0

Graph 29, order 8.
0 0 0 0 1 1 0 0
0 0 0 0 1 0 1 0
0 0 0 0 0 1 0 1
0 0 0 0 0 0 1 1
1 1 0 0 0 0 0 0
1 0 1 0 0 0 0 0
0 1 0 1 0 0 0 0
0 0 1 1 0 0 0 0

Graph 30, order 8.
0 0 0 1 0 0 1 0
0 0 0 0 1 0 1 0
0 0 0 0 0 1 1 0
1 0 0 0 0 0 0 1
0 1 0 0 0 0 0 1
0 0 1 0 0 0 0 1
1 1 1 0 0 0 0 0
0 0 0 1 1 1 0 0
