
Graph 1, order 7.
0 0 0 0 0 0 1
0 0 0 0 0 0 1
0 0 0 0 0 0 1
0 0 0 0 0 0 1
0 0 0 0 0 0 1
0 0 0 0 0 0 1
1 1 1 1 1 1 0

Graph 2, order 7.
0 0 0 0 0 1 1
0 0 0 0 0 0 1
0 0 0 0 0 0 1
0 0 0 0 0 0 1
0 0 0 0 0 0 1
1 0 0 0 0 0 0
1 1 1 1 1 0 0

Graph 3, order 7.
0 0 0 0 0 1 1
0 0 0 0 0 1 0
0 0 0 0 0 0 1
0 0 0 0 0 0 1
0 0 0 0 0 0 1
1 1 0 0 0 0 0
1 0 1 1 1 0 0

Graph 4, order 7.
0 0 0 0 0 1 0
0 0 0 0 0 1 0
0 0 0 0 0 0 1
0 0 0 0 0 0 1
0 0 0 0 0 0 1
1 1 0 0 0 0 1
0 0 1 1 1 1 0

Graph 5, order 7.
0 0 0 0 0 1 1
0 0 0 0 0 1 0
0 0 0 0 0 1 0
0 0 0 0 0 0 1
0 0 0 0 0 0 1
1 1 1 0 0 0 0
1 0 0 1 1 0 0

Graph 6, order 7.
0 0 0 0 1 0 1
0 0 0 0 0 1 1
0 0 0 0 0 0 1
0 0 0 0 0 0 1
1 0 0 0 0 0 0
0 1 0 0 0 0 0
1 1 1 1 0 0 0

Graph 7, order 7.
0 0 0 0 1 1 0
0 0 0 0 0 1 1
0 0 0 0 0 0 1
0 0 0 0 0 0 1
1 0 0 0 0 0 0
1 1 0 0 0 0 0
0 1 1 1 0 0 0

Graph 8, order 7.
0 0 0 0 1 0 1
0 0 0 0 0 1 1
0 0 0 0 0 1 0
0 0 0 0 0 0 1
1 0 0 0 0 0 0
0 1 1 0 0 0 0
1 1 0 1 0 0 0

Graph 9, order 7.
0 0 0 0 1 0 1
0 0 0 0 0 1 0
0 0 0 0 0 1 0
0 0 0 0 0 0 1
1 0 0 0 0 0 0
0 1 1 0 0 0 1
1 0 0 1 0 1 0

Graph 10, order 7.
0 0 0 0 1 1 0
0 0 0 0 1 0 1
0 0 0 0 0 1 1
0 0 0 0 0 0 1
1 1 0 0 0 0 0
1 0 1 0 0 0 0
0 1 1 1 0 0 0

Graph 11, order 7.
0 0 0 1 0 0 1
0 0 0 0 1 0 1
0 0 0 0 0 1 1
1 0 0 0 0 0 0
0 1 0 0 0 0 0
0 0 1 0 0 0 0
1 1 1 0 0 0 0
